Parameters:
  Sample : 50
  Solvent : <unspecified>
  Comment : 7:27
  Exc_Wavelength : 376.7 nm
  Exc_Bandpass : 1.8 nm
  Exc_Polarisation : 0.0 °
  Exc_Source : PDL 820
  Exc_Intensity : 94 %
  Exc_Attenuation : open (5)
  Det_Wavelength : 496.0 nm
  Det_Bandpass : 9.4 nm
  Det_Polarisation : 54.7 °
  Det_Lens_Position : 7.7 mm
  Det_Attenuation : 10 %
  Det_Filter : 405 LP (5)
  Det_Grating : 1200gr_500bl (1)
  Detector : UV-VIS [HPD]
  Meas_Time : 0.0 s
  Meas_BinWidth : 128000 ps
  Meas_BaseResolution : 250 ps
  Meas_Stop : 10000 counts
  Meas_PeakCounts : 10000 counts
  Sync_Frequency : 3000 Hz
  Sync_Source : PDL 820
  Base Sync Rate : 40.0 MHz
  Number of Bursts : 50 
  Effective Sync Rate : 3.0 kHz
  Signal_Rate : 940 cps
  Start_Date : 12/11/2023
  Start_Time : 10:20:22
  PhotonCounter : TimeHarp 260 N 1031483 0111-0120-01.21
  EasyTau : 3313
  Signal_TrigLevel : -30 mV
  Signal_TrigEdge : false
  Signal_Offset : 0 ps
  Signal_Enable : true
  Sync_TrigLevel : -80 mV
  Sync_TrigEdge : false
  Sync_Offset : 36000 ps
  Sync_SyncDiv : 1 

Data:
Time [ns]	Intensity [Cnts.]
0	909
127.999996379913	2001
255.999992759826	3144
383.999974928884	4275
511.999985519651	5381
639.999996110419	6378
767.999949857767	7254
895.999960448535	8457
1023.9999710393	9202
1151.99998163007	10000
1279.99999222084	9906
1408.0000028116	9698
1535.99989971553	9529
1663.9999103063	9435
1791.99992089707	9288
1919.99993148784	9095
2047.9999420786	8847
2175.99995266937	8703
2303.99996326014	8767
2431.99997385091	8370
2559.99998444167	8063
2687.99999503244	8048
2816.00000562321	7992
2944.00001621398	7723
3071.99979943107	7395
3199.99981002184	7476
3327.9998206126	7198
3455.99983120337	7154
3583.99984179414	6981
3711.99985238491	6979
3839.99986297567	6701
3967.99987356644	6625
4095.99988415721	6578
4223.99989474798	6362
4351.99990533874	6331
4479.99991592951	6077
4607.99992652028	6010
4735.99993711105	5765
4863.99994770181	5900
4991.99995829258	5676
5119.99996888335	5570
5247.99997947412	5518
5375.99999006488	5446
5504.00000065565	5181
5632.00001124642	5071
5760.00002183719	5098
5888.00003242795	5049
6016.00004301872	4967
6143.99959886214	4830
6271.9996094529	4808
6399.99962004367	4700
6527.99963063444	4519
6655.99964122521	4468
6783.99965181598	4439
6911.99966240674	4288
7039.99967299751	4107
7167.99968358828	4019
7295.99969417905	4056
7423.99970476981	4041
7551.99971536058	4025
7679.99972595135	3935
7808.00019128947	3810
7935.99974713288	3685
8064.000212471	3681
8191.99976831442	3598
8319.99932415783	3460
8447.99978949595	3366
8575.99934533937	3348
8703.99981067749	3231
8831.9993665209	3287
8959.99983185902	3222
9087.99938770244	3121
9215.99985304056	3054
9343.99940888397	2891
9471.99987422209	3017
9599.99943006551	2898
9727.99989540363	2866
9855.99945124704	2811
9983.99991658516	2711
10111.9994724286	2731
10239.9999377667	2704
10367.9994936101	2636
10495.9999589482	2548
10623.9995147916	2509
10751.9999801298	2407
10879.9995359732	2467
11008.0000013113	2411
11135.9995571547	2262
11264.0000224928	2302
11391.9995783363	2281
11520.0000436744	2195
11647.9995995178	2156
11776.0000648559	2216
11903.9996206993	2115
12032.0000860374	2141
12159.9996418809	2013
12287.9991977243	1960
12415.9996630624	2057
12543.9992189058	1979
12671.9996842439	1813
12799.9992400873	1860
12927.9997054255	1848
13055.9992612689	1853
13183.999726607	1763
13311.9992824504	1794
13439.9997477885	1638
13567.999303632	1716
13695.9997689701	1651
13823.9993248135	1601
13951.9997901516	1678
14079.999345995	1617
14207.9998113331	1526
14335.9993671766	1550
14463.9998325147	1477
14591.9993883581	1415
14719.9998536962	1398
14847.9994095396	1393
14975.9998748777	1421
15103.9994307212	1329
15231.9998960593	1321
15359.9994519027	1326
15487.9999172408	1333
15616.0003825789	1284
15743.9990289276	1293
15871.9994942658	1242
15999.9999596039	1275
16128.000424942	1209
16255.9990712907	1228
16383.9995366288	1228
16512.000001967	1184
16639.9986483157	1157
16767.9991136538	1110
16895.9995789919	1095
17024.00004433	1078
17151.9986906787	1104
17279.9991560169	1014
17407.999621355	999
17536.0000866931	937
17663.9987330418	1003
17791.9991983799	931
17919.999663718	999
18048.0001290562	892
18175.9987754049	946
18303.999240743	889
18431.9997060811	946
18560.0001714192	883
18687.9988177679	877
18815.9992831061	917
18943.9997484442	890
19072.0002137823	814
19199.998860131	790
19327.9993254691	781
19455.9997908073	775
19584.0002561454	829
19711.9989024941	743
19839.9993678322	786
19967.9998331703	751
20096.0002985084	747
20223.9989448572	669
20351.9994101953	715
20479.9998755334	679
20607.9985218821	670
20735.9989872202	721
20863.9994525583	657
20991.9999178965	663
21119.9985642452	617
21247.9990295833	614
21375.9994949214	606
21503.9999602595	629
21631.9986066082	652
21759.9990719464	539
21887.9995372845	570
22016.0000026226	589
22143.9986489713	527
22271.9991143094	635
22399.9995796476	574
22528.0000449857	542
22655.9986913344	538
22783.9991566725	543
22911.9996220106	525
23040.0000873487	538
23167.9987336975	522
23295.9991990356	496
23423.9996643737	484
23552.0001297118	496
23679.9987760605	475
23807.9992413986	448
23935.9997067368	467
24064.0001720749	483
24191.9988184236	478
24319.9992837617	415
24447.9997490998	472
24575.9983954486	436
24703.9988607867	435
24831.9993261248	456
24959.9997914629	399
25087.9984378116	438
25215.9989031497	401
25343.9993684879	408
25471.999833826	375
25599.9984801747	395
25727.9989455128	401
25855.9994108509	383
25983.999876189	384
26111.9985225378	379
26239.9989878759	395
26367.999453214	357
26495.9999185521	347
26623.9985649008	369
26751.9990302389	327
26879.9994955771	310
27007.9999609152	355
27135.9986072639	331
27263.999072602	321
27391.9995379401	326
27520.0000032783	297
27647.998649627	303
27775.9991149651	290
27903.9995803032	332
28032.0000456413	324
28159.99869199	305
28287.9991573282	287
28415.9996226663	287
28544.0000880044	287
28671.9987343531	267
28799.9991996912	268
28927.9996650293	241
29055.9983113781	257
29183.9987767162	285
29311.9992420543	281
29439.9997073924	244
29567.9983537411	243
29695.9988190793	220
29823.9992844174	276
29951.9997497555	231
30079.9983961042	238
30207.9988614423	214
30335.9993267804	244
30463.9997921186	223
30592.0002574567	249
30719.9989038054	237
30847.9975501541	244
30975.9998344816	210
31103.9984808303	222
31232.0007651579	232
31359.9994115066	216
31487.9980578553	202
31616.0003421828	215
31743.9989885315	203
31871.9976348802	214
31999.9999192078	192
32127.9985655565	190
32256.000849884	225
32383.9994962327	207
32511.9981425814	202
32640.000426909	191
32767.9990732577	206
32895.9977196064	205
33024.0000039339	157
33151.9986502826	194
33279.9972966313	175
33407.9995809589	183
33535.9982273076	158
33664.0005116351	171
33791.9991579838	158
33919.9978043325	154
34048.00008866	133
34175.9987350088	169
34303.9973813575	141
34431.999665685	148
34559.9983120337	171
34688.0005963612	164
34815.99924271	175
34943.9978890587	152
35072.0001733862	175
35199.9988197349	166
35327.9974660836	153
35455.9997504111	137
35583.9983967599	151
35712.0006810874	139
35839.9993274361	169
35967.9979737848	143
36096.0002581123	140
36223.998904461	133
36351.9975508098	135
36479.9998351373	136
36607.998481486	110
36736.0007658135	145
36863.9994121622	140
36991.9980585109	124
37120.0003428385	130
37247.9989891872	112
37375.9976355359	116
37503.9999198634	117
37631.9985662121	120
37759.9972125608	120
37887.9994968884	103
38015.9981432371	114
38144.0004275646	125
38271.9990739133	120
38399.997720262	140
38528.0000045896	105
38655.9986509383	112
38783.997297287	90
38911.9995816145	113
39039.9982279632	108
39168.0005122907	87
39295.9991586395	108
39423.9978049882	113
39552.0000893157	109
39679.9987356644	82
39807.9973820131	111
39935.9996663406	92
40063.9983126894	98
40192.0005970169	94
40319.9992433656	101
40447.9978897143	92
40576.0001740418	99
40703.9988203906	87
40831.9974667393	88
40959.9997510668	98
41087.9983974155	77
41215.9970437642	91
41343.9993280917	67
41471.9979744405	79
41600.000258768	79
41727.9989051167	65
41855.9975514654	81
41983.9998357929	87
42111.9984821416	69
42239.9971284904	75
42367.9994128179	93
42495.9980591666	70
42624.0003434941	74
42751.9989898428	73
42879.9976361915	82
43007.9999205191	64
43135.9985668678	78
43263.9972132165	71
43391.999497544	79
43519.9981438927	73
43648.0004282203	64
43775.999074569	82
43903.9977209177	70
44032.0000052452	66
44159.9986515939	61
44287.9972979426	74
44415.9995822702	67
44543.9982286189	63
44672.0005129464	67
44799.9991592951	69
44927.9978056438	79
45056.0000899713	51
45183.9987363201	66
45311.9973826688	66
45439.9996669963	48
45567.998313345	53
45695.9969596937	60
45823.9992440213	65
45951.99789037	71
46080.0001746975	68
46207.9988210462	58
46335.9974673949	58
46463.9997517224	57
46591.9983980712	70
46719.9970444199	55
46847.9993287474	58
46975.9979750961	58
47104.0002594236	52
47231.9989057723	48
47359.9975521211	41
47487.9998364486	44
47615.9984827973	50
47743.997129146	62
47871.9994134735	35
47999.9980598222	50
48128.0003441498	50
48255.9989904985	62
48383.9976368472	53
48511.9999211747	52
48639.9985675234	54
48767.9972138721	49
48895.9994981997	49
49023.9981445484	55
49151.9967908971	53
49279.9990752246	35
49407.9977215733	37
49536.0000059009	57
49663.9986522496	40
49791.9972985983	40
49919.9995829258	54
50047.9982292745	38
50175.9968756232	37
50303.9991599508	47
50431.9978062995	43
50560.000090627	34
50687.9987369757	43
50815.9973833244	39
50943.9996676519	38
51071.9983140007	52
51199.9969603494	37
51327.9992446769	35
51455.9978910256	36
51584.0001753531	38
51711.9988217019	29
51839.9974680506	35
51967.9997523781	39
52095.9983987268	36
52223.9970450755	27
52351.999329403	36
52479.9979757518	40
52608.0002600793	33
52735.998906428	43
52863.9975527767	27
52991.9998371042	27
53119.9984834529	37
53247.9971298017	36
53375.9994141292	38
53503.9980604779	31
53631.9967068266	26
53759.9989911541	19
53887.9976375028	28
54015.9999218304	30
54143.9985681791	36
54271.9972145278	34
54399.9994988553	36
54527.998145204	39
54655.9967915528	28
54783.9990758803	20
54911.997722229	28
55040.0000065565	26
55167.9986529052	31
55295.9972992539	30
55423.9995835815	31
55551.9982299302	27
55679.9968762789	31
55807.9991606064	20
55935.9978069551	22
56064.0000912826	25
56191.9987376314	30
56319.9973839801	35
56447.9996683076	33
56575.9983146563	23
56703.996961005	22
56831.9992453326	24
56959.9978916813	21
57088.0001760088	25
57215.9988223575	27
57343.9974687062	32
57471.9997530337	35
57599.9983993825	29
57727.9970457312	25
57855.9993300587	35
57983.9979764074	22
58111.9966227561	23
58239.9989070836	24
58367.9975534324	27
58495.9998377599	22
58623.9984841086	25
58751.9971304573	23
58879.9994147848	25
59007.9980611335	23
59135.9967074823	24
59263.9989918098	25
59391.9976381585	26
59519.999922486	23
59647.9985688347	20
59775.9972151834	15
59903.999499511	22
60031.9981458597	30
60159.9967922084	20
60287.9990765359	21
60415.9977228846	16
60544.0000072122	16
60671.9986535609	19
60799.9972999096	20
60927.9995842371	24
61056.0018685646	18
61184.0005149133	24
61311.9991612621	18
61439.9978076108	14
61567.9964539595	13
61695.9951003082	21
61824.0010226145	20
61951.9996689633	18
62079.998315312	23
62207.9969616607	21
62335.9956080094	15
62464.0015303157	20
62592.0001766644	16
62719.9988230132	24
62847.9974693619	16
62975.9961157106	22
63103.9947620593	13
63232.0006843656	16
63359.9993307143	15
63487.9979770631	12
63615.9966234118	15
63743.9952697605	14
63872.0011920668	13
63999.9998384155	18
64127.9984847642	21
64255.997131113	19
64383.9957774617	15
64512.001699768	13
64640.0003461167	20
64767.9989924654	18
64895.9976388142	16
65023.9962851629	14
65151.9949315116	17
65280.0008538179	14
65407.9995001666	22
65535.9981465153	16
65663.9967928641	20
65791.9954392128	21
65920.0013615191	10
66048.0000078678	18
66175.9986542165	14
66303.9973005652	18
66431.995946914	13
66559.9945932627	16
66688.000515569	23
66815.9991619177	12
66943.9978082664	16
67071.9964546151	11
67199.9951009639	14
67328.0010232702	18
67455.9996696189	15
67583.9983159676	16
67711.9969623163	11
67839.995608665	9
67968.0015309714	18
68096.0001773201	18
68223.9988236688	12
68351.9974700175	11
68479.9961163662	16
68607.994762715	14
68736.0006850213	10
68863.99933137	13
68991.9979777187	13
69119.9966240674	16
69247.9952704161	8
69376.0011927225	16
69503.9998390712	16
69631.9984854199	16
69759.9971317686	11
69887.9957781173	10
70015.994424466	11
70144.0003467724	16
70271.9989931211	10
70399.9976394698	15
70527.9962858185	11
70655.9949321672	17
70784.0008544736	14
70911.9995008223	11
71039.998147171	11
71167.9967935197	18
71295.9954398684	10
71424.0013621747	14
71552.0000085235	11
71679.9986548722	5
71807.9973012209	5
71935.9959475696	11
72063.9945939183	12
72192.0005162247	9
72319.9991625734	13
72447.9978089221	11
72575.9964552708	11
72703.9951016195	15
72832.0010239258	7
72959.9996702746	9
73087.9983166233	6
73215.996962972	5
73343.9956093207	9
73472.001531627	13
73600.0001779757	10
73727.9988243245	10
73855.9974706732	11
73983.9961170219	8
74111.9947633706	15
74240.0006856769	3
74367.9993320257	6
74495.9979783744	6
74623.9966247231	10
74751.9952710718	4
74880.0011933781	14
75007.9998397268	8
75135.9984860755	2
75263.9971324243	8
75391.995778773	7
75519.9944251217	6
75648.000347428	7
75775.9989937767	10
75903.9976401255	6
76031.9962864742	9
76159.9949328229	9
76288.0008551292	2
76415.9995014779	10
76543.9981478266	9
76671.9967941754	8
76799.9954405241	14
76928.0013628304	7
77056.0000091791	5
77183.9986555278	14
77311.9973018765	6
77439.9959482253	8
77567.994594574	5
77696.0005168803	4
77823.999163229	10
77951.9978095777	7
78079.9964559265	6
78207.9951022752	10
78336.0010245815	6
78463.9996709302	5
78591.9983172789	5
78719.9969636276	4
78847.9956099763	10
78975.9942563251	3
79104.0001786314	5
79231.9988249801	9
79359.9974713288	12
79487.9961176775	6
79615.9947640263	7
79744.0006863326	7
79871.9993326813	7
79999.99797903	6
80127.9966253787	10
80255.9952717274	9
80384.0011940338	7
80511.9998403825	6
80639.9984867312	7
80767.9971330799	9
80895.9957794286	9
81023.9944257773	8
81152.0003480837	9
81279.9989944324	10
81407.9976407811	5
81535.9962871298	10
81663.9949334785	5
81792.0008557849	7
81919.9995021336	9
82047.9981484823	8
82175.996794831	4
82303.9954411797	6
82431.9940875284	4
82560.0000098348	5
82687.9986561835	4
82815.9973025322	6
82943.9959488809	7
83071.9945952296	7
83200.0005175359	6
83327.9991638847	5
83455.9978102334	2
83583.9964565821	3
83711.9951029308	4
83840.0010252371	8
83967.9996715859	5
84095.9983179346	4
84223.9969642833	8
84351.995610632	11
84479.9942569807	5
84608.000179287	6
84735.9988256358	2
84863.9974719845	0
84991.9961183332	3
85119.9947646819	1
85248.0006869882	9
85375.9993333369	7
85503.9979796857	6
85631.9966260344	4
85759.9952723831	3
85888.0011946894	4
86015.9998410381	3
86143.9984873869	5
86271.9971337356	4
86399.9957800843	4
86527.994426433	7
86656.0003487393	4
86783.998995088	2
86911.9976414368	7
87039.9962877855	3
87167.9949341342	6
87296.0008564405	4
87423.9995027892	5
87551.9981491379	3
87679.9967954867	8
87807.9954418354	2
87935.9940881841	5
88064.0000104904	7
88191.9986568391	3
88319.9973031879	4
88447.9959495366	9
88575.9945958853	4
88704.0005181916	2
88831.9991645403	4
88959.997810889	5
89087.9964572377	4
89215.9951035865	6
89344.0010258928	5
89471.9996722415	5
89599.9983185902	6
89727.9969649389	5
89855.9956112877	7
89983.9942576364	4
90112.0001799427	5
90239.9988262914	5
90367.9974726401	2
90495.9961189888	2
90623.9947653376	7
90752.0006876439	4
90879.9993339926	4
91007.9979803413	2
91135.99662669	5
91263.9952730387	4
91391.9939193875	5
91519.9998416938	6
91647.9984880425	3
91775.9971343912	8
91903.9957807399	8
92031.9944270887	3
92160.000349395	3
92287.9989957437	2
92415.9976420924	4
92543.9962884411	4
92671.9949347898	3
92800.0008570962	5
92927.9995034449	3
93055.9981497936	4
93183.9967961423	4
93311.995442491	1
93439.9940888397	7
93568.0000111461	6
93695.9986574948	6
93823.9973038435	3
93951.9959501922	3
94079.9945965409	2
94208.0005188473	5
94335.999165196	3
94463.9978115447	2
94591.9964578934	7
94719.9951042421	1
94847.9937505908	4
94975.9996728972	3
95103.9983192459	3
95231.9969655946	4
95359.9956119433	5
95487.994258292	4
95616.0001805983	3
95743.9988269471	4
95871.9974732958	2
95999.9961196445	2
96127.9947659932	4
96256.0006882995	3
96383.9993346483	4
96511.997980997	4
96639.9966273457	3
96767.9952736944	2
96895.9939200431	6
97023.9998423494	5
97151.9984886982	2
97279.9971350469	4
97407.9957813956	2
97535.9944277443	2
97664.0003500506	1
97791.9989963993	0
97919.9976427481	4
98047.9962890968	3
98175.9949354455	4
98303.9935817942	1
98431.9995041005	3
98559.9981504492	1
98687.996796798	2
98815.9954431467	1
98943.9940894954	2
99072.0000118017	3
99199.9986581504	2
99327.9973044991	2
99455.9959508479	3
99583.9945971966	3
99712.0005195029	5
99839.9991658516	3
99967.9978122003	1
100095.996458549	6
100223.995104898	4
100351.993751246	4
100479.999673553	4
100607.998319902	5
100735.99696625	0
100863.995612599	6
100991.994258948	3
101120.000181254	6
101247.998827603	5
101375.997473951	3
101503.9961203	4
101631.994766649	4
101760.000688955	3
101887.999335304	5
102015.997981653	1
102143.996628001	2
102271.99527435	3
102399.993920699	2
102527.999843005	4
102655.998489354	5
102783.997135703	4
102911.995782051	7
103039.9944284	4
103168.000350706	1
103295.998997055	4
103423.997643404	0
103551.996289752	3
103679.994936101	4
103807.99358245	0
103935.999504756	4
104063.998151105	2
104191.996797454	4
104319.995443802	3
104447.994090151	3
104576.000012457	0
104703.998658806	8
104831.997305155	2
104959.995951504	4
105087.994597852	5
105216.000520159	4
105343.999166507	3
105471.997812856	1
105599.996459205	5
105727.995105553	5
105855.993751902	0
105983.999674208	2
106111.998320557	2
106239.996966906	1
106367.995613255	2
106495.994259603	4
106624.00018191	3
106751.998828258	2
106879.997474607	0
107007.996120956	3
107135.994767305	2
107263.993413653	4
107391.99933596	6
107519.997982308	4
107647.996628657	0
107775.995275006	1
107903.993921354	1
108031.999843661	3
108159.998490009	2
108287.997136358	2
108415.995782707	2
108543.994429056	3
108672.000351362	1
108799.998997711	3
108927.997644059	1
109055.996290408	4
109183.994936757	7
109311.993583106	4
109439.999505412	1
109567.998151761	1
109695.996798109	4
109823.995444458	5
109951.994090807	2
110080.000013113	4
110207.998659462	1
110335.99730581	3
110463.995952159	5
110591.994598508	5
110719.993244857	2
110847.999167163	0
110975.997813512	3
111103.99645986	3
111231.995106209	2
111359.993752558	0
111487.999674864	1
111615.998321213	3
111743.996967562	3
111871.99561391	1
111999.994260259	4
112128.000182565	1
112255.998828914	3
112383.997475263	2
112511.996121611	0
112639.99476796	3
112767.993414309	0
112895.999336615	4
113023.997982964	2
113151.996629313	2
113279.995275661	1
113407.99392201	2
113535.999844316	3
113663.998490665	2
113791.997137014	1
113919.995783363	2
114047.994429711	2
114176.000352018	0
114303.998998366	0
114431.997644715	1
114559.996291064	2
114687.994937412	5
114815.993583761	1
114943.999506067	2
115071.998152416	3
115199.996798765	2
115327.995445114	0
115455.994091462	4
115584.000013769	2
115711.998660117	5
115839.997306466	4
115967.995952815	4
116095.994599164	3
116223.993245512	0
116351.999167819	3
116479.997814167	2
116607.996460516	3
116735.995106865	0
116863.993753213	5
116991.99967552	3
117119.998321868	4
117247.996968217	1
117375.995614566	4
117503.994260915	2
117632.000183221	5
117759.99882957	4
117887.997475918	1
118015.996122267	3
118143.994768616	2
118271.993414965	4
118399.999337271	4
118527.99798362	2
118655.996629968	6
118783.995276317	3
118911.993922666	5
119039.999844972	1
119167.998491321	2
119295.997137669	0
119423.995784018	4
119551.994430367	0
119679.993076716	1
119807.998999022	3
119935.997645371	5
120063.996291719	2
120191.994938068	2
120319.993584417	2
120447.999506723	2
120575.998153072	4
120703.996799421	1
120831.995445769	1
120959.994092118	2
121088.000014424	1
121215.998660773	2
121343.997307122	1
121471.99595347	2
121599.994599819	1
121727.993246168	2
121855.999168474	4
121983.997814823	1
122112.003737129	3
122240.002383478	1
122368.001029827	2
122495.999676175	6
122623.998322524	2
122751.996968873	3
122879.995615222	1
123007.99426157	0
123135.992907919	3
123263.991554268	0
123391.990200616	1
123520.00339888	2
123648.002045229	3
123776.000691578	4
123903.999337926	3
124031.997984275	5
124159.996630624	1
124287.995276973	0
124415.993923321	2
124543.99256967	3
124671.991216019	3
124799.989862368	1
124928.003060631	1
125056.00170698	2
125184.000353329	0
125311.998999678	2
125439.997646026	5
125567.996292375	2
125695.994938724	1
125823.993585072	3
125951.992231421	1
126079.99087777	3
126207.989524119	2
126336.002722383	4
126464.001368731	0
126592.00001508	3
126719.998661429	0
126847.997307777	1
126975.995954126	2
127103.994600475	3
127231.993246824	2
127359.991893172	0
127487.990539521	2
127615.98918587	4
127744.002384134	1
127872.001030482	3
127999.999676831	2
128127.99832318	3
128255.996969528	4
128383.995615877	2
128511.994262226	2
128639.992908575	1
128767.991554923	3
128895.990201272	5
129024.003399536	4
129152.002045885	5
129280.000692233	1
129407.999338582	5
129535.997984931	4
129663.99663128	2
129791.995277628	2
129919.993923977	3
130047.992570326	3
130175.991216674	4
130303.989863023	4
130432.003061287	4
130560.001707636	3
130688.000353985	2
130815.999000333	5
130943.997646682	1
131071.996293031	2
131199.994939379	2
131327.993585728	4
131455.992232077	1
131583.990878426	3
131711.989524774	4
131840.002723038	3
131968.001369387	0
132096.000015736	1
132223.998662084	3
132351.997308433	3
132479.995954782	0
132607.99460113	0
132735.993247479	0
132863.991893828	2
132991.990540177	3
133119.989186525	2
133248.002384789	2
133376.001031138	5
133503.999677487	3
133631.998323835	2
133759.996970184	0
133887.995616533	1
134015.994262882	1
134143.99290923	1
134271.991555579	1
134399.990201928	2
134528.003400192	1
134656.00204654	2
134784.000692889	2
134911.999339238	3
135039.997985587	1
135167.996631935	1
135295.995278284	0
135423.993924633	1
135551.992570981	0
135679.99121733	1
135807.989863679	1
135936.003061943	2
136064.001708291	3
136192.00035464	2
136319.999000989	3
136447.997647338	0
136575.996293686	1
136703.994940035	1
136831.993586384	4
136959.992232732	4
137087.990879081	1
137215.98952543	4
137344.002723694	1
137472.001370043	2
137600.000016391	0
137727.99866274	2
137855.997309089	1
137983.995955437	1
138111.994601786	2
138239.993248135	2
138367.991894484	2
138495.990540832	2
138623.989187181	1
138752.002385445	3
138880.001031794	3
139007.999678142	2
139135.998324491	1
139263.99697084	2
139391.995617189	1
139519.994263537	0
139647.992909886	1
139775.991556235	2
139903.990202583	1
140031.988848932	3
140160.002047196	1
140288.000693545	5
140415.999339893	2
140543.997986242	1
140671.996632591	3
140799.99527894	5
140927.993925288	1
141055.992571637	0
141183.991217986	2
141311.989864334	1
141440.003062598	4
141568.001708947	1
141696.000355296	5
141823.999001645	0
141951.997647993	2
142079.996294342	2
142207.994940691	2
142335.993587039	1
142463.992233388	1
142591.990879737	2
142719.989526086	0
142848.00272435	2
142976.001370698	2
143104.000017047	0
143231.998663396	3
143359.997309744	0
143487.995956093	4
143615.994602442	3
143743.99324879	1
143871.991895139	3
143999.990541488	4
144127.989187837	0
144256.002386101	0
144384.001032449	0
144511.999678798	3
144639.998325147	4
144767.996971495	2
144895.995617844	1
145023.994264193	2
145151.992910542	1
145279.99155689	1
145407.990203239	0
145535.988849588	1
145664.002047852	3
145792.0006942	2
145919.999340549	2
146047.997986898	4
146175.996633247	0
146303.995279595	1
146431.993925944	1
146559.992572293	4
146687.991218641	1
146815.98986499	2
146944.003063254	1
147072.001709603	2
147200.000355951	3
147327.9990023	1
147455.997648649	2
147583.996294998	0
147711.994941346	3
147839.993587695	2
147967.992234044	2
148095.990880392	5
148223.989526741	3
148352.002725005	1
148480.001371354	0
148608.000017703	1
148735.998664051	2
148863.9973104	2
148991.995956749	0
149119.994603097	3
149247.993249446	3
149375.991895795	0
149503.990542144	0
149631.989188492	3
149760.002386756	0
149888.001033105	2
150015.999679454	1
150143.998325802	2
150271.996972151	0
150399.9956185	1
150527.994264849	1
150655.992911197	1
150783.991557546	0
150911.990203895	5
151039.988850243	4
151168.002048507	2
151296.000694856	2
151423.999341205	0
151551.997987553	0
151679.996633902	2
151807.995280251	1
151935.9939266	3
152063.992572948	2
152191.991219297	2
152319.989865646	0
152447.988511994	0
152576.001710258	0
152704.000356607	2
152831.999002956	0
152959.997649305	4
153087.996295653	2
153215.994942002	3
153343.993588351	1
153471.992234699	3
153599.990881048	1
153727.989527397	3
153856.002725661	3
153984.00137201	6
154112.000018358	1
154239.998664707	0
154367.997311056	0
154495.995957404	1
154623.994603753	2
154751.993250102	2
154879.991896451	2
155007.990542799	1
155135.989189148	1
155264.002387412	3
155392.001033761	3
155519.999680109	3
155647.998326458	0
155775.996972807	1
155903.995619155	2
156031.994265504	3
156159.992911853	2
156287.991558202	4
156415.99020455	2
156543.988850899	3
156672.002049163	0
156800.000695512	1
156927.99934186	1
157055.997988209	1
157183.996634558	0
157311.995280907	0
157439.993927255	1
157567.992573604	0
157695.991219953	2
157823.989866301	4
157951.98851265	0
158080.001710914	2
158208.000357263	2
158335.999003612	3
158463.99764996	2
158591.996296309	2
158719.994942658	1
158847.993589006	1
158975.992235355	3
159103.990881704	5
159231.989528053	4
159360.002726316	1
159488.001372665	4
159616.000019014	2
159743.998665363	1
159871.997311711	1
159999.99595806	2
160127.994604409	2
160255.993250757	1
160383.991897106	4
160511.990543455	1
160639.989189804	2
160768.002388068	1
160896.001034416	1
161023.999680765	0
161151.998327114	2
161279.996973462	0
161407.995619811	1
161535.99426616	1
161663.992912509	0
161791.991558857	5
161919.990205206	1
162047.988851555	0
162176.002049819	2
162304.000696167	2
162431.999342516	3
162559.997988865	3
162687.996635214	1
162815.995281562	2
162943.993927911	3
163071.99257426	2
163199.991220608	1
163327.989866957	2
163455.988513306	2
163584.00171157	2
163712.000357918	1
163839.999004267	0
163967.997650616	2
164095.996296965	2
164223.994943313	1
164351.993589662	0
164479.992236011	1
164607.990882359	1
164735.989528708	2
164863.988175057	4
164992.001373321	2
165120.00001967	1
165247.998666018	3
165375.997312367	0
165503.995958716	1
165631.994605064	1
165759.993251413	1
165887.991897762	0
166015.990544111	2
166143.989190459	2
166272.002388723	2
166400.001035072	1
166527.999681421	3
166655.998327769	0
166783.996974118	1
166911.995620467	1
167039.994266815	1
167167.992913164	2
167295.991559513	3
167423.990205862	1
167551.98885221	3
167680.002050474	2
167808.000696823	5
167935.999343172	3
168063.99798952	0
168191.996635869	2
168319.995282218	2
168447.993928567	1
168575.992574915	1
168703.991221264	0
168831.989867613	2
168959.988513961	1
169088.001712225	3
169216.000358574	0
169343.999004923	3
169471.997651272	3
169599.99629762	2
169727.994943969	3
169855.993590318	0
169983.992236666	1
170111.990883015	3
170239.989529364	1
170367.988175713	2
170496.001373976	0
170624.000020325	2
170751.998666674	2
170879.997313023	1
171007.995959371	0
171135.99460572	1
171263.993252069	1
171391.991898417	0
171519.990544766	3
171647.989191115	3
171776.002389379	5
171904.001035728	3
172031.999682076	3
172159.998328425	5
172287.996974774	3
172415.995621122	3
172543.994267471	3
172671.99291382	2
172799.991560169	3
172927.990206517	2
173055.988852866	0
173184.00205113	4
173312.000697479	1
173439.999343827	4
173567.997990176	1
173695.996636525	2
173823.995282874	1
173951.993929222	4
174079.992575571	2
174207.99122192	4
174335.989868268	3
174463.988514617	3
174592.001712881	0
174720.00035923	3
174847.999005578	2
174975.997651927	4
175103.996298276	4
175231.994944625	1
175359.993590973	0
175487.992237322	1
175615.990883671	4
175743.989530019	2
175871.988176368	2
176000.001374632	1
176128.000020981	6
176255.99866733	3
176383.997313678	3
176511.995960027	1
176639.994606376	4
176767.993252724	3
176895.991899073	1
177023.990545422	6
177151.989191771	2
177279.987838119	3
177408.001036383	1
177535.999682732	2
177663.998329081	0
177791.996975429	2
177919.995621778	2
178047.994268127	2
178175.992914475	5
178303.991560824	3
178431.990207173	3
178559.988853522	3
178688.002051786	1
178816.000698134	3
178943.999344483	3
179071.997990832	1
179199.99663718	3
179327.995283529	2
179455.993929878	2
179583.992576227	2
179711.991222575	1
179839.989868924	1
179967.988515273	1
180096.001713537	1
180224.000359885	4
180351.999006234	2
180479.997652583	1
180607.996298932	1
180735.99494528	2
180863.993591629	2
180991.992237978	3
181119.990884326	0
181247.989530675	4
181375.988177024	2
181504.001375288	1
181632.000021636	0
181759.998667985	4
181887.997314334	0
182015.995960683	2
182143.994607031	1
182271.99325338	1
182399.991899729	2
182527.990546078	2
182655.989192426	2
182783.987838775	1
182912.001037039	2
183039.999683388	3
183167.998329736	0
183295.996976085	0
183423.995622434	5
183551.994268782	2
183679.992915131	4
183807.99156148	1
183935.990207829	2
184063.988854177	4
184192.002052441	1
184320.00069879	1
184447.999345139	0
184575.997991487	0
184703.996637836	2
184831.995284185	3
184959.993930534	0
185087.992576882	5
185215.991223231	4
185343.98986958	2
185471.988515928	1
185600.001714192	1
185728.000360541	1
185855.99900689	1
185983.997653238	2
186111.996299587	3
186239.994945936	2
186367.993592285	2
186495.992238633	3
186623.990884982	1
186751.989531331	1
186879.988177679	2
187008.001375943	1
187136.000022292	2
187263.998668641	1
187391.99731499	2
187519.995961338	5
187647.994607687	2
187775.993254036	0
187903.991900384	3
188031.990546733	1
188159.989193082	3
188287.987839431	1
188416.001037695	2
188543.999684043	2
188671.998330392	1
188799.996976741	3
188927.995623089	1
189055.994269438	1
189183.992915787	2
189311.991562136	2
189439.990208484	3
189567.988854833	1
189695.987501182	4
189824.000699446	2
189951.999345794	4
190079.997992143	1
190207.996638492	2
190335.99528484	2
190463.993931189	2
190591.992577538	4
190719.991223887	1
190847.989870235	2
190975.988516584	1
191104.001714848	6
191232.000361197	1
191359.999007545	0
191487.997653894	1
191615.996300243	1
191743.994946592	0
191871.99359294	3
191999.992239289	5
192127.990885638	4
192255.989531986	3
192383.988178335	2
192512.001376599	4
192640.000022948	2
192767.998669297	3
192895.997315645	2
193023.995961994	3
193151.994608343	2
193279.993254691	3
193407.99190104	2
193535.990547389	0
193663.989193738	3
193791.987840086	2
193920.00103835	2
194047.999684699	0
194175.998331048	2
194303.996977396	1
194431.995623745	1
194559.994270094	3
194687.992916442	0
194815.991562791	0
194943.99020914	2
195071.988855489	1
195199.987501837	3
195328.000700101	1
195455.99934645	1
195583.997992799	0
195711.996639147	1
195839.995285496	0
195967.993931845	3
196095.992578194	1
196223.991224542	4
196351.989870891	4
196479.98851724	1
196607.987163588	2
196736.000361852	2
196863.999008201	2
196991.99765455	2
197119.996300898	2
197247.994947247	4
197375.993593596	4
197503.992239945	0
197631.990886293	3
197759.989532642	3
197887.988178991	2
198016.001377255	4
198144.000023603	2
198271.998669952	2
198399.997316301	1
198527.99596265	3
198655.994608998	0
198783.993255347	1
198911.991901696	2
199039.990548044	0
199167.989194393	0
199295.987840742	1
199424.001039006	1
199551.999685355	3
199679.998331703	1
199807.996978052	4
199935.995624401	2
200063.994270749	1
200191.992917098	2
200319.991563447	6
200447.990209796	2
200575.988856144	2
200703.987502493	2
200832.000700757	2
200959.999347106	0
201087.997993454	2
201215.996639803	1
201343.995286152	2
201471.9939325	2
201599.992578849	3
201727.991225198	1
201855.989871547	1
201983.988517895	1
202111.987164244	5
202240.000362508	3
202367.999008857	6
202495.997655205	4
202623.996301554	3
202751.994947903	1
202879.993594252	3
203007.9922406	1
203135.990886949	4
203263.989533298	1
203391.988179646	2
203520.00137791	0
203648.000024259	1
203775.998670608	3
203903.997316957	3
204031.995963305	2
204159.994609654	2
204287.993256003	2
204415.991902351	2
204543.9905487	2
204671.989195049	1
204799.987841398	3
204928.001039661	2
205055.99968601	2
205183.998332359	2
205311.996978708	1
205439.995625056	3
205567.994271405	5
205695.992917754	0
205823.991564102	3
205951.990210451	4
206079.9888568	1
206207.987503149	2
206336.000701413	1
206463.999347761	1
206591.99799411	4
206719.996640459	1
206847.995286807	2
206975.993933156	2
207103.992579505	3
207231.991225854	0
207359.989872202	1
207487.988518551	1
207615.9871649	1
207744.000363164	1
207871.999009512	2
207999.997655861	2
208127.99630221	1
208255.994948558	1
208383.993594907	2
208511.992241256	2
208639.990887605	3
208767.989533953	2
208895.988180302	2
209023.986826651	3
209152.000024915	5
209279.998671263	1
209407.997317612	3
209535.995963961	2
209663.99461031	3
209791.993256658	2
209919.991903007	3
210047.990549356	2
210175.989195704	0
210303.987842053	2
210432.001040317	1
210559.999686666	2
210687.998333015	1
210815.996979363	1
210943.995625712	2
211071.994272061	2
211199.992918409	0
211327.991564758	2
211455.990211107	2
211583.988857456	2
211711.987503804	1
211840.000702068	3
211967.999348417	0
212095.997994766	1
212223.996641114	1
212351.995287463	1
212479.993933812	0
212607.992580161	1
212735.991226509	1
212863.989872858	1
212991.988519207	4
213119.987165555	1
213248.000363819	0
213375.999010168	3
213503.997656517	2
213631.996302865	1
213759.994949214	2
213887.993595563	1
214015.992241912	1
214143.99088826	0
214271.989534609	3
214399.988180958	2
214527.986827306	1
214656.00002557	1
214783.998671919	1
214911.997318268	1
215039.995964617	0
215167.994610965	2
215295.993257314	2
215423.991903663	2
215551.990550011	2
215679.98919636	2
215807.987842709	1
215936.001040973	0
216063.999687321	1
216191.99833367	0
216319.996980019	2
216447.995626368	3
216575.994272716	4
216703.992919065	0
216831.991565414	2
216959.990211762	1
217087.988858111	1
217215.98750446	3
217344.000702724	3
217471.999349073	6
217599.997995421	2
217727.99664177	3
217855.995288119	1
217983.993934467	0
218111.992580816	1
218239.991227165	5
218367.989873514	5
218495.988519862	1
218623.987166211	3
218752.000364475	2
218879.999010824	1
219007.997657172	3
219135.996303521	2
219263.99494987	6
219391.993596219	2
219519.992242567	3
219647.990888916	1
219775.989535265	2
219903.988181613	1
220031.986827962	1
220160.000026226	2
220287.998672575	4
220415.997318923	0
220543.995965272	0
220671.994611621	1
220799.99325797	1
220927.991904318	3
221055.990550667	0
221183.989197016	1
221311.987843364	3
221439.986489713	2
221567.999687977	0
221695.998334326	1
221823.996980675	0
221951.995627023	1
222079.994273372	0
222207.992919721	4
222335.991566069	2
222463.990212418	2
222591.988858767	4
222719.987505116	3
222848.00070338	3
222975.999349728	2
223103.997996077	5
223231.996642426	1
223359.995288774	2
223487.993935123	3
223615.992581472	6
223743.991227821	1
223871.989874169	4
223999.988520518	1
224127.987166867	1
224256.000365131	5
224383.999011479	2
224511.997657828	1
224639.996304177	0
224767.994950525	1
224895.993596874	0
225023.992243223	2
225151.990889572	2
225279.98953592	0
225407.988182269	2
225535.986828618	2
225664.000026882	4
225791.99867323	0
225919.997319579	0
226047.995965928	0
226175.994612277	0
226303.993258625	0
226431.991904974	6
226559.990551323	2
226687.989197671	2
226815.98784402	3
226943.986490369	2
227071.999688633	2
227199.998334982	3
227327.99698133	1
227455.995627679	1
227583.994274028	0
227711.992920376	5
227839.991566725	4
227967.990213074	1
228095.988859422	5
228223.987505771	4
228352.000704035	2
228479.999350384	2
228607.997996733	1
228735.996643081	2
228863.99528943	1
228991.993935779	3
229119.992582127	6
229247.991228476	1
229375.989874825	2
229503.988521174	1
229631.987167522	2
229760.000365786	4
229887.999012135	4
230015.997658484	3
230143.996304832	1
230271.994951181	2
230399.99359753	2
230527.992243879	3
230655.990890227	3
230783.989536576	4
230911.988182925	2
231039.986829273	1
231168.000027537	2
231295.998673886	1
231423.997320235	1
231551.995966583	3
231679.994612932	2
231807.993259281	4
231935.99190563	3
232063.990551978	3
232191.989198327	3
232319.987844676	1
232447.986491024	3
232575.999689288	4
232703.998335637	0
232831.996981986	1
232959.995628335	5
233087.994274683	2
233215.992921032	0
233343.991567381	2
233471.990213729	2
233599.988860078	0
233727.987506427	1
233855.986152776	0
233983.99935104	1
234111.997997388	1
234239.996643737	0
234367.995290086	1
234495.993936434	1
234623.992582783	0
234751.991229132	3
234879.989875481	2
235007.988521829	1
235135.987168178	5
235264.000366442	3
235391.999012791	3
235519.997659139	1
235647.996305488	2
235775.994951837	1
235903.993598185	2
236031.992244534	0
236159.990890883	1
236287.989537232	1
236415.98818358	1
236543.986829929	4
236672.000028193	4
236799.998674542	3
236927.99732089	0
237055.995967239	0
237183.994613588	1
237311.993259937	5
237439.991906285	1
237567.990552634	1
237695.989198983	3
237823.987845331	2
237951.98649168	1
238079.999689944	2
238207.998336293	3
238335.996982642	0
238463.99562899	0
238591.994275339	3
238719.992921688	1
238847.991568036	2
238975.990214385	1
239103.988860734	1
239231.987507083	0
239359.986153431	2
239487.999351695	3
239615.997998044	1
239743.996644393	3
239871.995290741	3
239999.99393709	1
240127.992583439	0
240255.991229787	2
240383.989876136	1
240511.988522485	0
240639.987168834	3
240768.000367098	4
240895.999013446	0
241023.997659795	1
241151.996306144	0
241279.994952492	4
241407.993598841	0
241535.99224519	2
241663.990891539	1
241791.989537887	1
241919.988184236	1
242047.986830585	3
242176.000028849	2
242303.998675197	2
242431.997321546	2
242559.995967895	1
242687.994614244	1
242815.993260592	5
242943.991906941	3
243071.99055329	2
243199.989199638	1
243327.987845987	1
243455.986492336	1
243583.9996906	1
243711.998336948	3
243839.996983297	1
243967.995629646	3
244095.994275995	1
244224.007474259	1
244352.006120607	3
244480.004766956	0
244608.003413305	2
244736.002059653	4
244864.000706002	3
244991.999352351	4
245119.9979987	0
245247.996645048	3
245375.995291397	0
245503.993937746	1
245631.992584094	0
245759.991230443	4
245887.989876792	4
246015.988523141	3
246143.987169489	1
246271.985815838	2
246399.984462187	0
246527.983108535	1
246655.981754884	0
246783.980401233	0
246911.979047582	4
247040.006797761	3
247168.005444109	1
247296.004090458	5
247424.002736807	5
247552.001383156	3
247680.000029504	1
247807.998675853	1
247935.997322202	1
248063.99596855	0
248191.994614899	1
248319.993261248	3
248447.991907597	4
248575.990553945	2
248703.989200294	3
248831.987846643	3
248959.986492991	2
249087.98513934	2
249215.983785689	2
249343.982432038	1
249471.981078386	2
249599.979724735	2
249728.007474914	2
249856.006121263	3
249984.004767612	4
250112.00341396	1
250240.002060309	2
250368.000706658	2
250495.999353006	0
250623.997999355	3
250751.996645704	1
250879.995292053	3
251007.993938401	0
251135.99258475	4
251263.991231099	0
251391.989877447	6
251519.988523796	2
251647.987170145	1
251775.985816494	1
251903.984462842	6
252031.983109191	7
252159.98175554	4
252287.980401888	1
252415.979048237	2
252544.006798416	4
252672.005444765	1
252800.004091114	1
252928.002737463	2
253056.001383811	1
253184.00003016	2
253311.998676509	3
253439.997322857	1
253567.995969206	0
253695.994615555	2
253823.993261904	1
253951.991908252	3
254079.990554601	0
254207.98920095	1
254335.987847298	1
254463.986493647	4
254591.985139996	0
254719.983786345	2
254847.982432693	0
254975.981079042	1
255103.979725391	3
255231.978371739	0
255360.006121919	5
255488.004768267	2
255616.003414616	0
255744.002060965	1
255872.000707313	3
255999.999353662	3
256127.998000011	1
256255.99664636	0
256383.995292708	2
256511.993939057	4
256639.992585406	1
256767.991231754	0
256895.989878103	1
257023.988524452	2
257151.987170801	1
257279.985817149	3
257407.984463498	0
257535.983109847	3
257663.981756195	1
257791.980402544	2
257919.979048893	3
258048.006799072	3
258176.005445421	4
258304.004091769	1
258432.002738118	2
258560.001384467	4
258688.000030816	0
258815.998677164	3
258943.997323513	2
259071.995969862	1
259199.99461621	5
259327.993262559	1
259455.991908908	1
259583.990555257	0
259711.989201605	2
259839.987847954	0
259967.986494303	2
260095.985140651	2
260223.983787	0
260351.982433349	2
260479.981079698	4
260607.979726046	3
260735.978372395	3
260864.006122574	1
260992.004768923	3
261120.003415272	3
261248.00206162	0
261376.000707969	2
261503.999354318	4
261631.998000666	3
261759.996647015	2
261887.995293364	0
262015.993939713	1
262143.992586061	0
262271.99123241	2
262399.989878759	3
262527.988525107	2
262655.987171456	0
262783.985817805	3
262911.984464154	2
263039.983110502	0
263167.981756851	0
263295.9804032	2
263423.979049549	1
263552.006799728	4
263680.005446076	2
263808.004092425	2
263936.002738774	2
264064.001385123	4
264192.000031471	2
264319.99867782	2
264447.997324169	3
264575.995970517	1
264703.994616866	0
264831.993263215	3
264959.991909564	4
265087.990555912	2
265215.989202261	1
265343.98784861	4
265471.986494958	3
265599.985141307	0
265727.983787656	1
265855.982434005	1
265983.981080353	1
266111.979726702	4
266239.978373051	1
266368.00612323	0
266496.004769579	3
266624.003415927	2
266752.002062276	4
266880.000708625	0
267007.999354973	1
267135.998001322	2
267263.996647671	3
267391.99529402	1
267519.993940368	1
267647.992586717	3
267775.991233066	1
267903.989879414	1
268031.988525763	3
268159.987172112	1
268287.985818461	1
268415.984464809	2
268543.983111158	4
268671.981757507	2
268799.980403855	0
268927.979050204	1
269056.006800383	7
269184.005446732	3
269312.004093081	0
269440.002739429	0
269568.001385778	4
269696.000032127	5
269823.998678476	3
269951.997324824	0
270079.995971173	4
270207.994617522	5
270335.99326387	3
270463.991910219	1
270591.990556568	1
270719.989202917	1
270847.987849265	3
270975.986495614	1
271103.985141963	4
271231.983788311	2
271359.98243466	2
271487.981081009	4
271615.979727358	5
271743.978373706	0
271872.006123886	2
272000.004770234	4
272128.003416583	2
272256.002062932	1
272384.00070928	2
272511.999355629	0
272639.998001978	1
272767.996648327	2
272895.995294675	1
273023.993941024	4
273151.992587373	2
273279.991233721	1
273407.98988007	2
273535.988526419	1
273663.987172768	0
273791.985819116	2
273919.984465465	1
274047.983111814	6
274175.981758162	2
274303.980404511	1
274431.97905086	0
274559.977697209	4
274688.005447388	2
274816.004093736	1
274944.002740085	3
275072.001386434	2
275200.000032783	1
275327.998679131	2
275455.99732548	1
275583.995971829	3
275711.994618177	1
275839.993264526	5
275967.991910875	1
276095.990557224	2
276223.989203572	4
276351.987849921	4
276479.98649627	2
276607.985142618	1
276735.983788967	2
276863.982435316	1
276991.981081665	4
277119.979728013	1
277247.978374362	5
277376.006124541	0
277504.00477089	2
277632.003417239	0
277760.002063587	1
277888.000709936	1
278015.999356285	1
278143.998002633	4
278271.996648982	2
278399.995295331	1
278527.99394168	2
278655.992588028	1
278783.991234377	3
278911.989880726	1
279039.988527074	1
279167.987173423	2
279295.985819772	0
279423.984466121	1
279551.983112469	0
279679.981758818	3
279807.980405167	1
279935.979051515	0
280063.977697864	1
280192.005448043	3
280320.004094392	0
280448.002740741	0
280576.00138709	1
280704.000033438	2
280831.998679787	0
280959.997326136	1
281087.995972484	6
281215.994618833	1
281343.993265182	1
281471.99191153	1
281599.990557879	0
281727.989204228	0
281855.987850577	3
281983.986496925	2
282111.985143274	1
282239.983789623	2
282367.982435971	2
282495.98108232	1
282623.979728669	2
282751.978375018	1
282880.006125197	2
283008.004771546	0
283136.003417894	2
283264.002064243	2
283392.000710592	4
283519.99935694	2
283647.998003289	2
283775.996649638	2
283903.995295987	1
284031.993942335	4
284159.992588684	1
284287.991235033	3
284415.989881381	0
284543.98852773	0
284671.987174079	2
284799.985820428	4
284927.984466776	2
285055.983113125	0
285183.981759474	4
285311.980405822	1
285439.979052171	2
285567.97769852	0
285696.005448699	2
285824.004095048	2
285952.002741396	2
286080.001387745	3
286208.000034094	0
286335.998680443	4
286463.997326791	4
286591.99597314	1
286719.994619489	1
286847.993265837	3
286975.991912186	0
287103.990558535	2
287231.989204884	3
287359.987851232	2
287487.986497581	1
287615.98514393	1
287743.983790278	1
287871.982436627	1
287999.981082976	4
288127.979729325	1
288255.978375673	0
288384.006125852	0
288512.004772201	4
288640.00341855	0
288768.002064899	2
288896.000711247	2
289023.999357596	1
289151.998003945	0
289279.996650293	1
289407.995296642	1
289535.993942991	1
289663.99258934	0
289791.991235688	1
289919.989882037	2
290047.988528386	3
290175.987174734	0
290303.985821083	3
290431.984467432	2
290559.983113781	6
290687.981760129	2
290815.980406478	2
290943.979052827	1
291071.977699175	2
291200.005449355	0
291328.004095703	3
291456.002742052	1
291584.001388401	0
291712.00003475	1
291839.998681098	2
291967.997327447	1
292095.995973796	1
292223.994620144	2
292351.993266493	2
292479.991912842	2
292607.990559191	1
292735.989205539	1
292863.987851888	2
292991.986498237	2
293119.985144585	3
293247.983790934	1
293375.982437283	3
293503.981083631	0
293631.97972998	0
293759.978376329	1
293888.006126508	0
294016.004772857	2
294144.003419206	2
294272.002065554	2
294400.000711903	3
294527.999358252	0
294655.9980046	0
294783.996650949	2
294911.995297298	2
295039.993943647	4
295167.992589995	3
295295.991236344	1
295423.989882693	1
295551.988529041	2
295679.98717539	2
295807.985821739	3
295935.984468088	4
296063.983114436	2
296191.981760785	0
296319.980407134	1
296447.979053482	1
296575.977699831	3
296704.00545001	2
296832.004096359	2
296960.002742708	0
297088.001389056	1
297216.000035405	1
297343.998681754	0
297471.997328103	2
297599.995974451	4
297727.9946208	3
297855.993267149	1
297983.991913497	4
298111.990559846	1
298239.989206195	2
298367.987852544	1
298495.986498892	1
298623.985145241	3
298751.98379159	1
298879.982437938	2
299007.981084287	2
299135.979730636	1
299263.978376985	1
299391.977023333	3
299520.004773513	0
299648.003419861	2
299776.00206621	2
299904.000712559	0
300031.999358907	2
300159.998005256	2
300287.996651605	2
300415.995297953	1
300543.993944302	2
300671.992590651	0
300799.991237	1
300927.989883348	2
301055.988529697	2
301183.987176046	2
301311.985822394	4
301439.984468743	2
301567.983115092	4
301695.981761441	3
301823.980407789	2
301951.979054138	3
302079.977700487	3
302208.005450666	0
302336.004097015	5
302464.002743363	2
302592.001389712	2
302720.000036061	1
302847.99868241	3
302975.997328758	0
303103.995975107	3
303231.994621456	4
303359.993267804	1
303487.991914153	8
303615.990560502	1
303743.989206851	3
303871.987853199	1
303999.986499548	2
304127.985145897	1
304255.983792245	3
304383.982438594	0
304511.981084943	2
304639.979731292	3
304767.97837764	1
304895.977023989	1
305024.004774168	5
305152.003420517	2
305280.002066866	5
305408.000713214	2
305535.999359563	3
305663.998005912	1
305791.99665226	4
305919.995298609	1
306047.993944958	1
306175.992591307	0
306303.991237655	0
306431.989884004	4
306559.988530353	1
306687.987176701	3
306815.98582305	6
306943.984469399	1
307071.983115748	1
307199.981762096	2
307327.980408445	2
307455.979054794	6
307583.977701142	5
307712.005451322	2
307840.00409767	4
307968.002744019	1
308096.001390368	1
308224.000036716	3
308351.998683065	0
308479.997329414	3
308607.995975763	3
308735.994622111	1
308863.99326846	3
308991.991914809	3
309119.990561157	2
309247.989207506	3
309375.987853855	2
309503.986500204	3
309631.985146552	2
309759.983792901	2
309887.98243925	1
310015.981085598	4
310143.979731947	1
310271.978378296	3
310399.977024645	0
310528.004774824	3
310656.003421172	1
310784.002067521	1
310912.00071387	1
311039.999360219	4
311167.998006567	2
311295.996652916	3
311423.995299265	0
311551.993945614	1
311679.992591962	3
311807.991238311	4
311935.98988466	1
312063.988531008	1
312191.987177357	0
312319.985823706	1
312447.984470055	2
312575.983116403	1
312703.981762752	2
312831.980409101	1
312959.979055449	4
313087.977701798	3
313216.005451977	0
313344.004098326	0
313472.002744675	2
313600.001391023	1
313728.000037372	4
313855.998683721	0
313983.99733007	0
314111.995976418	4
314239.994622767	3
314367.993269116	3
314495.991915464	1
314623.990561813	0
314751.989208162	2
314879.987854511	1
315007.986500859	4
315135.985147208	1
315263.983793557	2
315391.982439905	1
315519.981086254	4
315647.979732603	1
315775.978378952	3
315903.9770253	3
316032.004775479	2
316160.003421828	1
316288.002068177	1
316416.000714526	1
316543.999360874	0
316671.998007223	1
316799.996653572	3
316927.99529992	2
317055.993946269	1
317183.992592618	7
317311.991238967	2
317439.989885315	3
317567.988531664	1
317695.987178013	2
317823.985824361	2
317951.98447071	4
318079.983117059	1
318207.981763408	1
318335.980409756	3
318463.979056105	4
318591.977702454	4
318720.005452633	3
318848.004098982	2
318976.00274533	1
319104.001391679	2
319232.000038028	3
319359.998684376	2
319487.997330725	7
319615.995977074	1
319743.994623423	3
319871.993269771	2
319999.99191612	0
320127.990562469	1
320255.989208817	1
320383.987855166	1
320511.986501515	3
320639.985147864	2
320767.983794212	1
320895.982440561	0
321023.98108691	3
321151.979733258	3
321279.978379607	0
321407.977025956	2
321536.004776135	1
321664.003422484	1
321792.002068833	1
321920.000715181	1
322047.99936153	2
322175.998007879	1
322303.996654227	1
322431.995300576	3
322559.993946925	3
322687.992593274	1
322815.991239622	4
322943.989885971	1
323071.98853232	0
323199.987178668	2
323327.985825017	1
323455.984471366	4
323583.983117714	1
323711.981764063	4
323839.980410412	2
323967.979056761	2
324095.977703109	3
324223.976349458	2
324352.004099637	2
324480.002745986	0
324608.001392335	1
324736.000038683	1
324863.998685032	3
324991.997331381	3
325119.99597773	3
325247.994624078	1
325375.993270427	2
325503.991916776	3
325631.990563124	2
325759.989209473	3
325887.987855822	2
326015.986502171	1
326143.985148519	2
326271.983794868	3
326399.982441217	0
326527.981087565	3
326655.979733914	2
326783.978380263	0
326911.977026612	0
327040.004776791	1
327168.003423139	3
327296.002069488	1
327424.000715837	1
327551.999362186	2
327679.998008534	1
327807.996654883	2
327935.995301232	1
328063.99394758	1
328191.992593929	1
328319.991240278	1
328447.989886627	1
328575.988532975	1
328703.987179324	2
328831.985825673	6
328959.984472021	4
329087.98311837	2
329215.981764719	3
329343.980411068	0
329471.979057416	2
329599.977703765	0
329727.976350114	3
329856.004100293	0
329984.002746642	3
330112.00139299	4
330240.000039339	3
330367.998685688	0
330495.997332036	0
330623.995978385	3
330751.994624734	1
330879.993271083	3
331007.991917431	3
331135.99056378	3
331263.989210129	2
331391.987856478	3
331519.986502826	1
331647.985149175	2
331775.983795524	2
331903.982441872	2
332031.981088221	6
332159.97973457	1
332287.978380919	3
332415.977027267	1
332544.004777446	0
332672.003423795	1
332800.002070144	2
332928.000716493	0
333055.999362841	1
333183.99800919	3
333311.996655539	1
